0 0 0 6 0 4 0 0 0
0 7 0 0 0 0 0 9 0
1 0 K S A 0 7 0 4
0 0 1 K 0 6 5 0 0
0 4 0 0 0 0 0 2 0
0 0 9 4 0 7 L 0 0
4 0 6 0 0 0 2 0 J
0 L 0 0 0 0 0 1 0
0 0 0 3 0 8 0 0 B

9 0 7 8 0 0 0 2 H
0 1 R 0 0 0 G 0 6
Y 0 0 0 0 0 0 0 0
0 0 0 7 0 0 8 0 0
1 0 0 0 0 0 5 0 0
0 0 0 0 Q 3 0 0 0
0 0 9 J 0 2 0 0 4
0 D C 0 0 0 0 0 2
0 0 0 4 K 0 0 5 0

0 0 0 1 0 0 0 0 0
6 3 0 0 0 0 0 7 0
0 1 9 4 0 0 0 0 0
0 0 0 5 0 3 0 0 1
5 0 Q G 1 0 0 3 0
0 0 0 0 0 2 6 0 0
9 0 0 0 4 0 0 0 0
0 0 4 7 0 0 0 0 0
0 2 D B 0 0 5 T 9

3 4 0 F 2 0 0 0 0
0 H 2 0 0 0 0 6 4
0 0 0 0 U 0 0 0 0
0 0 8 0 0 D 0 0 5
0 2 0 0 1 0 0 F 0
9 0 0 3 0 0 L 0 0
0 0 U 0 0 0 0 0 0
7 1 0 0 0 0 J 9 0
0 0 0 0 7 6 0 1 3
